Run semi-empirical minimization
 &qmmm
    qm_theory='AM1', grms_tol=0.0005,
 scfconv=1.d-10, ndiis_attempts=700,   qmcharge=0,
 /
   8     O        2.1130       -1.0360       -2.0180 
   6     C        2.7720       -1.0040       -0.7570 
   6    C1        2.0670       -1.9130        0.2650 
   6    C2        1.9970       -3.3860       -0.1620 
   6    C3        3.3030       -3.9610        0.3260 
   6    C4        3.5500       -3.2270        1.6390 
   7     N        2.8560       -1.9290        1.5230 
   6    C5        2.5240       -1.1670        2.6530 
   6    C6        1.3360       -0.4080        2.6770 
   6    C7        0.9220        0.3020        3.8060 
   6    C8       -0.3100        1.1320        3.8180 
   6    C9       -1.4450        0.7900        3.0370 
   6   C10       -2.5710        1.6210        2.9510 
   6   C11       -2.5750        2.7920        3.6800 
   6   C12       -3.5810        3.8830        3.7240 
   8    O1       -3.2040        4.6490        4.8910 
   6   C13       -1.7980        4.4250        5.1600 
   6   C14       -1.5070        3.1260        4.4980 
   6   C15       -0.3770        2.3200        4.5750 
   7    N1        1.6530        0.2930        4.9350 
   6   C16        2.8250       -0.3700        4.9410 
   6   C17        3.6030       -0.3490        6.0920 
   7    N2        4.8300       -0.9110        6.2540 
   6   C18        5.3390       -1.5030        5.1700 
   6   C19        4.6570       -1.5830        3.9660 
   6   C20        3.3420       -1.0730        3.8290 
   1     H        2.5780       -0.4550       -2.6410 
   1    H1        2.7710        0.0000       -0.3880 
   1    H2        3.7730       -1.3580       -0.8890 
   1    H3        1.0790       -1.5160        0.3640 
   1    H4        1.9150       -3.4710       -1.2260 
   1    H5        1.1450       -3.8940        0.2380 
   1    H6        4.0900       -3.7680       -0.3730 
   1    H7        3.2710       -5.0240        0.4430 
   1    H8        4.5980       -3.0740        1.7880 
   1    H9        3.1870       -3.7890        2.4740 
   1   H10        0.7500       -0.3750        1.8270 
   1   H11       -1.4420       -0.1000        2.5160 
   1   H12       -3.3750        1.3630        2.3580 
   1   H13       -4.5690        3.4870        3.8290 
   1   H14       -3.5950        4.4700        2.8290 
   1   H15       -1.6170        4.3640        6.2130 
   1   H16       -1.1770        5.2190        4.7990 
   1   H17        0.4110        2.5910        5.1830 
   1   H18        3.2090        0.1450        6.9080 
   1   H19        6.2810       -1.9190        5.2320 
   1   H20        5.1170       -2.0220        3.1540 

